327.145
325.185
328.078
322.128
312.999
313.97
313.897
315.152
314.721
316.564
316.876
318.03
332.799
332.725
334.645
334.049
334.928
350.636
351.002
351.969
352.139
366.463
366.444
367.455
368.609
376.162
376.965
378.659
378
391.869
391.755
393.516
392.889
394.37
409.032
409.988
410.759
411.178
419.296
419.419
420.563
421.047
435.153
436.307
436.775
437.848
451.786
452.93
452.374
454.342
453.6
460.384
464.478
463.362
465.232
479.666
479.46
479.029
480.591
495.596
495.778
497.03
497.64
491.493
505.964
505.827
507.331
507.363
522.196
522.741
524.015
524.45
538.569
539.408
537.731
540.534
548.185
549.018
549.32
549.607
551.252
564.501
565.403
566.119
567.324
582.613
583.298
585.028
584.035
591.874
591.28
592.23
593.538
608.173
609.651
609.739
611.303
611.19
625.862
625.753
626.058
627.008
634.301
635.63
635.39
637.547
650.875
651.667
652.753
653.639
668.296
669.041
670.172
669.428
670.28
678.018
678.549
679.822
679.797
694.548
695.243
695.672
696.527
710.63
711.98
711.614
713.747
708.666
720.76
721.772
722.27
723.838
737.225
738.925
739.857
740.328
754.405
754.738
755.826
756.502
764.505
764.137
764.315
765.88
766.975
781.667
782.06
782.873
783.48
798.108
798.815
799.411
799.479
806.385
808.19
808.547
808.964
823.757
823.459
824.914
825.26
826.815
841.227
841.845
842.446
843.197
850.39
849.805
851.403
851.677
866.706
867.724
868.179
869.066
883.12
884.932
884.487
884.957
886.436
893.382
894.581
894.429
895.948
910.526
911.155
911.455
912.398
927.247
927.449
928.78
928.375
925.846
936.101
937.075
938.416
938.085
953.642
954.347
955.42
955.513
969.487
971.502
971.154
971.638
978.96
980.638
980.972
981.435
982.7
996.11
997.224
997.307
998.547
1012.78
1013.46
1015.14
1015.18
1022.98
1022.6
1023.94
1024.61
1039.04
1040.42
1040.12
1041.77
1042.01
1056.81
1054.34
1057.78
1058.6
1066.37
1066.08
1066.91
1068.5
1081.8
1083.24
1084.58
1084.21
1099.66
1099.76
1100.23
1101.56
1099.14
1109.45
1109.68
1110.62
1112.03
1125.77
1126.16
1126.96
1128.9
1142.01
1143.5
1144.37
1144.78
1140.12
1152.01
1152.8
1153.55
1154.36
1168.97
1170.48
1171.23
1171.26
1185.69
1185.16
1186.95
1187.18
1194.47
1195.01
1195.65
1196.68
1197.16
1212.56
1212.77
1212.9
1213.55
1228.2
1229.94
1229.85
1230.87
1237.6
1239.12
1239.17
1238.84
1255.12
1254.97
1256.62
1256.97
1258.05
1271.95
1272.09
1273.79
1274.53
1281.21
1281.55
1282.58
1282.92
1298.61
1298.27
1299.58
1300.82
1314.14
1314.71
1315.88
1316.74
1317.73
1324.86
1325.23
1325.09
1327.64
1340.93
1342.26
1342.78
1343.57
1357.81
1358.94
1359.67
1359.4
1354.88
1368.19
1367.52
1369.46
1369.15
1385
1385.38
1385.66
1386.87
1400.53
1402.73
1403.29
1403.77
1409.58
1411.11
1411.4
1413.03
1413.64
1427.3
1428.67
1428.64
1429.62
1444.08
1445.28
1446.63
1446.71
1453.64
1453.97
1455.21
1455.8
1470.39
1473.32
1471.06
1472.87
1473.65
1487.01
1488.22
1489.28
1490.06
1495.99
1497.62
1497.73
1498.99
1513.34
1514.37
1515.72
1515.89
1530.68
1531.45
1529.64
1532.47
1531.25
1540.34
1540.38
1542.75
1541.6
1556.63
1558.58
1557.36
1559.54
1572.9
1573.28
1574.59
1575.61
1569.95
1582.52
1584.01
1583.88
1585.33
1599.91
1600.22
1601.99
1601.73
1615.95
1617.86
1618.25
1619.09
1625.33
1626.95
1626.51
1627.57
1628.05
1643.59
1643.79
1645.04
1645.92
1659.15
1661.16
1661.55
1662.17
1668.45
1670.21
1668.77
1670.91
1687.16
1686.27
1687.61
1688.31
1688.67
1700.61
1703.5
1705.01
1705.05
1713.33
1712.26
1713.66
1714.09
1726.93
1730.77
1730.03
1730.65
1746.14
1746.97
1746.43
1747.03
1749.7
1755.14
1756.3
1756.4
1759
1772.24
1773.13
1774.5
1774.25
1786.63
1790.17
1790.74
1791.12
1786.08
1799.08
1799.03
1799.9
1800.56
1816.36
1816.16
1816.58
1819.01
1832.84
1832.59
1834.59
1834.92
1841.6
1841.7
1842.86
1842.6
1844.77
1858.83
1859.85
1859.91
1860.81
1873.36
1876.43
1878.12
1877.95
1884.47
1884.22
1885.56
1887.33
1900.85
1902.14
1903.35
1903.75
1904.49
1918.63
1919.17
1921.64
1921.43
1926.69
1929.16
1929.01
1930.95
1945.64
1945.2
1946.14
1945.75
1962.08
1961.69
1961.63
1963.68
1963.61
1970.76
1971.9
1972.93
1973.1
1988.6
1989.56
1990.07
1991.29
2003.77
2006.16
2005.55
2006.13
2001.76
2013.92
2015.3
2015.42
2017
2030.98
2031.28
2033.53
2032.12
2047.97
2048.34
2049.71
2049.58
2057.4
2057.07
2058.3
2058.58
2059.56
2075.03
2075.39
2076.09
2077.16
2090.88
2092.25
2092.31
2094.07
2099.43
2099.44
2100.41
2101.24
2272.95
2662.92
2680.32
2680.18
2679.98
2696.81
2697.3
2698.16
2698.62
2706.19
2704.95
2706.67
2709.92
2724.48
2722.78
2723.56
2727.11
2740.9
2742.76
2745.07
2743.63
2754.28
2616.57
2191.96
2194.82
2195.28
2207.76
2206.85
2208.03
2209.77
2222.78
2223.25
2223.72
2222.76
2219.22
2232.43
2232.38
2235.49
2234.69
2247.57
2250.75
2249.45
2252.11
2265.48
2423.01
2831.24
2846.77
2854.6
2854.94
2855.6
2858.46
2858.16
2873.59
2871.35
2876.64
2875.95
2890.14
2890.05
2875.18
2847.34
2854.03
2854.01
2856.69
2819.72
2798.54
2800.48
2799.55
2800.6
2803.72
2815.56
2814.17
2817.28
2819.77
2825.19
2825.59
2827.36
2828.57
2842.6
2844.21
2845.07
2846.3
2858.91
2860.31
2862.1
2861.41
2861.63
2872.78
2863.2
2854.82
2858.19
2871.95
2863.86
2854.27
2856.04
2867.39
2863.7
2865.26
2864.24
2859.73
2872.82
2874.83
2875.82
2877.79
2893.5
2892.76
2893.99
2894.34
2910.45
2907.34
2908.43
2909.32
2920.28
2921.58
2921.64
2924.16
2923.33
2937.87
2938.6
2940.5
2941.24
2956.25
2956.78
2956.79
2959.58
2966.07
2965.12
2966.54
2966.7
2981.42
2985.27
2985.8
2986.14
2987.74
3003.18
3003.51
3004.77
3004.37
3012.57
3012.25
3014.09
3015.94
3029.08
3031.05
3031.63
3033.65
3047.46
3048.68
3049.99
3050.11
3052.29
3057.36
3059.5
3060.36
3060.34
3076.48
3075.37
3078.72
3078.61
3094.32
3094.73
3095.12
3096.38
3090.18
3104.66
3105.2
3105.21
3106.74
3120.89
3121.98
3123.86
3125.84
3140.79
3140.47
3141.08
3143.24
3148.66
3150.76
3152.52
3152.68
3153.44
3167.39
3168.69
3170.23
3171.19
3183.16
3182.34
3184.91
3185.49
3192.97
3194.24
3194.4
3195.81
3208.97
3208.55
3211.83
3211.48
3215.18
3225.52
3226.59
3230.83
3232.72
3238.87
3239.57
3240.98
3241.9
3257.36
3255.75
3258.14
3259.06
3273.65
3274.91
3276.03
3277.91
3277.65
3284.98
3283.78
3285.63
3288.5
3303.52
3303.67
3305.3
3304.07
3320.03
3319.57
3320.36
3321.23
3317.64
3331.58
3333.39
3332.5
3334.38
3349.65
3349.84
3353.33
3351.63
3367.49
3367.63
3368.57
3370.18
3375.76
3377.31
3378.62
3380.37
3380.43
3396
3396.07
3396.96
3399.56
3413.21
3412.97
3413.11
3413.25
3421.72
3424.15
3425.32
3425.93
3440.58
3441.78
3442.19
3443.83
3443.9
3456.4
3461.66
3459.8
3461.06
3470.12
3725.25
3222.5
3224.47
3237.26
3239.83
3238.82
3240.82
3255.16
3255.96
3256.59
3257.62
3258.88
3263.67
3265.15
3265.87
3266.89
3280.68
3281.19
3283.84
3282.14
3299.97
3298.36
3300.75
3300.47
3293.45
3307.77
3308.14
3309.85
3310.85
3325.79
3325.47
3323.94
3327.56
3341.76
3341.84
3343.12
3343.15
3350.71
3350.6
3351.69
3353.53
3354.71
3368.6
3367.65
3369.2
3347.55
3330.02
3323
3298.66
3254.54
3263.83
3236.32
3199.36
3200.53
3215.22
3215.56
3217.06
3216.84
3217.58
3232.93
3233.49
3233.79
3231.87
3242.42
3243.38
3243.57
3239.26
3246
3248.72
3245.94
3238.66
3255.09
3255.94
3257.05
3496.92
3385.01
3265.12
3266.96
3266.84
3268.92
3282.14
3283.98
3283.52
3284.17
3298.99
3299.66
3300.79
3302.28
3293.67
3308.34
3309.42
3310.84
3310.01
3324.82
3325.42
3326.47
3324.86
3342.16
3343.2
3343.51
3340.67
3350.53
3352.48
3352.52
3354.86
3354.66
3367.23
3368.66
3371.39
3371.46
3385.18
3385.87
3386.84
3385.69
3393.86
3395.78
3395.81
3395.32
3410.68
3411.03
3412.05
3412.34
3411.79
3429.61
3429.87
3431.06
3427.9
3436.71
3437.99
3438.04
3440.57
3454.89
3455.01
3454.83
3458.19
3471.55
3472.31
3471.89
3472.12
3473.67
3480.86
3480.57
3482.58
3483.77
3498.09
3497.41
3499.83
3499.2
3511.33
3515.87
3516.07
3517.43
3510.29
3524.11
3525.01
3525.12
3527.55
3540.25
3541.92
3540.82
3545.31
3557.46
3558.22
3561.39
3558.01
3566.77
3566.85
3568.44
3567.55
3568.56
3583.97
3584.28
3585.14
3582.98
3601.17
3600.72
3602.94
3604.06
3607.34
3610.1
3610.6
3612.26
3626.64
3626.42
3627.77
3628.91
3629.02
3643.46
3645.43
3644.56
3647.5
3653.87
3654.22
