346.481
378.176
419.269
411.629
441.832
483.334
510.902
536.364
577.859
612.126
646.231
688.79
715.042
749.616
787.723
815.714
844.341
883.771
915.493
946.168
985.851
1012.36
1048.27
1086.28
1114.5
1140.33
1182.94
1214.8
1244.36
1283.96
1310.33
1338.54
1382.71
1411.16
1452.55
1479.3
1514.58
1552.79
1582.48
1607.29
1650.89
1680.39
1710.92
1754.83
1777.02
1811.51
1853.11
1880.05
1904.58
1945.73
1981.77
2008.31
2048.27
2075.09
2110.97
2146.92
2176.32
2205.4
2243.79
2275.81
2306.03
2346.72
2373.6
2399.82
2448.35
2472.51
2514.33
2542.76
2576.68
2618.23
2643.99
2670.33
2710.49
2743.4
2772.23
2814.15
2839.61
2871.12
2915.8
2941.89
2968.84
3010.69
3041.6
3069.55
3110
3137.67
3161.62
3175.38
3205.43
3244.43
3307.85
3339.33
3367.35
3409.12
3434.51
3463.38
3506.89
3537.81
3578.58
3604.13
